SampleID,BarcodeSequence,LinkerPrimerSequence,BarcodePlate,Well,SampleType,SampleDate,Location,TempF,SolRad3mWm2,RelHum2mperc,Donor,TempC,ADD
MD-2-21-001_1123,GCTGTCGTCAAC,GTGTGYCAGCMGCCGCGGTAA,16,H2,MD,11/23/2021,FROST,33.89,56.10947368,60.95789474,1,1.05,110.65
MD-2-21-001_1212,GCTTCCAGACAA,GTGTGYCAGCMGCCGCGGTAA,16,G12,MD,12/12/2021,FROST,34.5,53.74791667,64.475,1,1.388888889,113.95
MD-2-21-003_1212,TTGAGGCTACAA,GTGTGYCAGCMGCCGCGGTAA,16,C2,MD,12/12/2021,FROST,34.5,53.74791667,64.475,2,1.388888889,97.88888889
MD21-001_0513,CGCCTGCCAATA,GTGTGYCAGCMGCCGCGGTAA,16,E4,MD,5/13/2021,FARL,39,0,0,1,3.888888889,3.9
MD21-001_0514,GCTTACGTAGGT,GTGTGYCAGCMGCCGCGGTAA,16,E2,MD,5/14/2021,FARL,39,0,0,1,3.888888889,7.788888889
MD21-001_0515,GTCGCACGTCTC,GTGTGYCAGCMGCCGCGGTAA,16,D11,MD,5/15/2021,FARL,39,0,0,1,3.888888889,11.67777778
MD21-001_0516,GCGCTCCTCCGT,GTGTGYCAGCMGCCGCGGTAA,16,D9,MD,5/16/2021,FARL,39,0,0,1,3.888888889,15.56666667
MD21-001_0517,TCAGCGCCGTTA,GTGTGYCAGCMGCCGCGGTAA,16,D5,MD,5/17/2021,FARL,39,0,0,1,3.888888889,19.45555556
MD21-001_0518,TAGCCAATTTCT,GTGTGYCAGCMGCCGCGGTAA,16,E10,MD,5/18/2021,FARL,39,0,0,1,3.888888889,23.34444444
MD21-001_0519,TTATCATTACGC,GTGTGYCAGCMGCCGCGGTAA,16,D4,MD,5/19/2021,FARL,39,0,0,1,3.888888889,27.23333333
MD21-001_0520,ACAATGTCACAG,GTGTGYCAGCMGCCGCGGTAA,16,E6,MD,5/20/2021,FARL,39,0,0,1,3.888888889,31.12222222
MD21-001_0521,TCGACGGAGAGA,GTGTGYCAGCMGCCGCGGTAA,16,F1,MD,5/21/2021,FARL,39,0,0,1,3.888888889,35.01111111
MD21-001_0522,CTTAGAACGTGC,GTGTGYCAGCMGCCGCGGTAA,16,E11,MD,5/22/2021,FARL,39,0,0,1,3.888888889,38.9
MD21-001_0523,ACGTTTGTGGCA,GTGTGYCAGCMGCCGCGGTAA,16,D7,MD,5/23/2021,FARL,39,0,0,1,3.888888889,42.78888889
MD21-001_0524,GGACTGGATGGC,GTGTGYCAGCMGCCGCGGTAA,16,D6,MD,5/24/2021,FARL,39,0,0,1,3.888888889,46.67777778
MD21-001_0525,CTGAATCTGGTG,GTGTGYCAGCMGCCGCGGTAA,16,E1,MD,5/25/2021,FARL,39,0,0,1,3.888888889,50.56666667
MD21-001_0526,CGAGGACCCTGG,GTGTGYCAGCMGCCGCGGTAA,16,F4,MD,5/26/2021,FARL,39,0,0,1,3.888888889,54.45555556
MD21-001_1003,ATTCACGTATTC,GTGTGYCAGCMGCCGCGGTAA,16,G6,MD,10/3/2021,FARL,39,0,0,1,3.888888889,58.34444444
MD21-001_1004,TTGCAGTGCAAC,GTGTGYCAGCMGCCGCGGTAA,16,G2,MD,10/4/2021,FARL,39,0,0,1,3.888888889,62.23333333
MD21-001_1005,AGCATAGAAATA,GTGTGYCAGCMGCCGCGGTAA,16,F6,MD,10/5/2021,FARL,39,0,0,1,3.888888889,66.12222222
MD21-001_1006,TGACTCTGCGGT,GTGTGYCAGCMGCCGCGGTAA,16,F7,MD,10/6/2021,FARL,39,0,0,1,3.888888889,70.01111111
MD21-001_1007,AGGAGTTGTATA,GTGTGYCAGCMGCCGCGGTAA,16,G4,MD,10/7/2021,FARL,39,0,0,1,3.888888889,73.9
MD21-001_1008,CTATTCTTGGCT,GTGTGYCAGCMGCCGCGGTAA,16,G5,MD,10/8/2021,FARL,39,0,0,1,3.888888889,77.78888889
MD21-001_1108,TAGATCCTCGGA,GTGTGYCAGCMGCCGCGGTAA,16,B8,MD,11/8/2021,FROST,48.66,61.55789474,66.58526316,1,9.255555556,87.04444444
MD21-001_1110,ACTTTAAGGGTG,GTGTGYCAGCMGCCGCGGTAA,16,B3,MD,11/10/2021,FROST,43.46,64.0625,69.42708333,1,6.366666667,93.41111111
MD21-001_1112,TGGGTTAACACA,GTGTGYCAGCMGCCGCGGTAA,16,B9,MD,11/12/2021,FROST,43.42,45.59583333,89.99166667,1,6.344444444,99.75555556
MD21-001_1116,GGAGATTGGAGA,GTGTGYCAGCMGCCGCGGTAA,16,B2,MD,11/16/2021,FROST,38.67,40.753125,90.73333333,1,3.705555556,103.4611111
MD21-001_1118,GAGCTTGGCGGA,GTGTGYCAGCMGCCGCGGTAA,16,A8,MD,11/18/2021,FROST,38.41,43.371875,70.22083333,1,3.561111111,107.0222222
MD21-001_1120,GAATGGATGGGC,GTGTGYCAGCMGCCGCGGTAA,16,H3,MD,11/20/2021,FROST,36.75,45.6875,71.23541667,1,2.638888889,109.6611111
MD21-001_1124,TGCTTGTAGGCA,GTGTGYCAGCMGCCGCGGTAA,16,A12,MD,11/24/2021,FROST,34.2,41.44479167,64.73541667,1,1.222222222,110.8833333
MD21-001_1127,ATGGAAGGTGGC,GTGTGYCAGCMGCCGCGGTAA,16,B1,MD,11/27/2021,FROST,35.02,21.15625,81.82395833,1,1.677777778,112.5611111
MD21-001_1212,ACAAGAACCTTG,GTGTGYCAGCMGCCGCGGTAA,16,A9,MD,12/12/2021,FROST,34.5,53.74791667,64.475,1,1.388888889,113.95
MD21-001_1213,CGTTGACACCCA,GTGTGYCAGCMGCCGCGGTAA,16,G11,MD,12/13/2021,FROST,34.79,48.8875,65.56145833,1,1.55,115.5
MD21-003_0527,TGTCATGGCTGA,GTGTGYCAGCMGCCGCGGTAA,16,H5,MD,5/27/2021,FARL,39,0,0,2,3.888888889,3.9
MD21-003_0528,GAGTGCTCTAAC,GTGTGYCAGCMGCCGCGGTAA,17,A8,MD,5/28/2021,FARL,39,0,0,2,3.888888889,7.788888889
MD21-003_0531,GCTACTGGTATG,GTGTGYCAGCMGCCGCGGTAA,17,A9,MD,5/31/2021,FARL,39,0,0,2,3.888888889,11.67777778
MD21-003_0602,GCGGAAACATGG,GTGTGYCAGCMGCCGCGGTAA,17,B5,MD,6/2/2021,FARL,39,0,0,2,3.888888889,15.56666667
MD21-003_0604,TCAGATACCAGC,GTGTGYCAGCMGCCGCGGTAA,17,C2,MD,6/4/2021,FARL,39,0,0,2,3.888888889,19.45555556
MD21-003_0607,CGATACACTGCC,GTGTGYCAGCMGCCGCGGTAA,17,A4,MD,6/7/2021,FARL,39,0,0,2,3.888888889,23.34444444
MD21-003_0609,GATGTGGTGTTA,GTGTGYCAGCMGCCGCGGTAA,17,B6,MD,6/9/2021,FARL,39,0,0,2,3.888888889,27.23333333
MD21-003_0611,TGGCACTGGTTA,GTGTGYCAGCMGCCGCGGTAA,17,B1,MD,6/11/2021,FARL,39,0,0,2,3.888888889,31.12222222
MD21-003_0925,GTTTGTGATCTT,GTGTGYCAGCMGCCGCGGTAA,17,A6,MD,9/25/2021,FARL,39,0,0,2,3.888888889,35.01111111
MD21-003_0926,TAACGAATAGAA,GTGTGYCAGCMGCCGCGGTAA,16,H12,MD,9/26/2021,FARL,39,0,0,2,3.888888889,38.9
MD21-003_0927,TCGCGCAACTGT,GTGTGYCAGCMGCCGCGGTAA,16,H7,MD,9/27/2021,FARL,39,0,0,2,3.888888889,42.78888889
MD21-003_0928,CCATAATCTTAC,GTGTGYCAGCMGCCGCGGTAA,16,F5,MD,9/28/2021,FARL,39,0,0,2,3.888888889,46.67777778
MD21-003_0929,ATCCACTCTATA,GTGTGYCAGCMGCCGCGGTAA,16,H9,MD,9/29/2021,FARL,39,0,0,2,3.888888889,50.56666667
MD21-003_0930,ACTCAATTCATC,GTGTGYCAGCMGCCGCGGTAA,16,G1,MD,9/30/2021,FARL,39,0,0,2,3.888888889,54.45555556
MD21-003_1001,CAGTTCGAGATA,GTGTGYCAGCMGCCGCGGTAA,16,F12,MD,10/1/2021,FARL,39,0,0,2,3.888888889,58.34444444
MD21-003_1002,GTCGGAAATTGT,GTGTGYCAGCMGCCGCGGTAA,16,H10,MD,10/2/2021,FARL,39,0,0,2,3.888888889,62.23333333
MD21-003_1010,CACTGGTGCATA,GTGTGYCAGCMGCCGCGGTAA,17,B2,MD,10/10/2021,FARL,-2,0,0,2,0,62.23333333
MD21-003_1017,ATGTGTGTAGAC,GTGTGYCAGCMGCCGCGGTAA,16,H11,MD,10/17/2021,FARL,-2,0,0,2,0,62.23333333
MD21-003_1108,TATAAGGACACA,GTGTGYCAGCMGCCGCGGTAA,16,C4,MD,11/8/2021,FROST,48.66,61.55789474,66.58526316,2,9.255555556,71.48888889
MD21-003_1110,GGCCATAGGCAG,GTGTGYCAGCMGCCGCGGTAA,16,C1,MD,11/10/2021,FROST,43.46,64.0625,69.42708333,2,6.366666667,77.85555556
MD21-003_1112,CAACCACTCGGT,GTGTGYCAGCMGCCGCGGTAA,16,C10,MD,11/12/2021,FROST,43.42,45.59583333,89.99166667,2,6.344444444,84.2
MD21-003_1117,GTAGTCCCGCTC,GTGTGYCAGCMGCCGCGGTAA,16,C11,MD,11/17/2021,FROST,39.28,45.22083333,79.94583333,2,4.044444444,88.24444444
MD21-003_1118,TCTGTGTCTAAT,GTGTGYCAGCMGCCGCGGTAA,16,C7,MD,11/18/2021,FROST,38.41,43.371875,70.22083333,2,3.561111111,91.80555556
MD21-003_1120,CACGTACACGTA,GTGTGYCAGCMGCCGCGGTAA,16,C5,MD,11/20/2021,FROST,36.75,45.6875,71.23541667,2,2.638888889,94.44444444
MD21-003_1123,TAAGTCGGCCTA,GTGTGYCAGCMGCCGCGGTAA,16,B10,MD,11/23/2021,FROST,33.89,55.53125,60.87395833,2,1.05,95.49444444
MD21-003_1205,GCCGTCTCGTAA,GTGTGYCAGCMGCCGCGGTAA,17,B12,MD,12/5/2021,FROST,33.83,8.575,87.56145833,2,1.016666667,96.51111111
MT-2-21-003_1123,ATTTATCCGGTT,GTGTGYCAGCMGCCGCGGTAA,16,C8,MT,11/23/2021,FROST,33.89,55.53125,60.87395833,2,1.05,83.45
MT21-001_0513,CAGGTGCGCCGC,GTGTGYCAGCMGCCGCGGTAA,16,E5,MT,5/13/2021,FARL,39,0,0,1,3.888888889,3.9
MT21-001_0514,CCTTGGAATCGC,GTGTGYCAGCMGCCGCGGTAA,16,D12,MT,5/14/2021,FARL,39,0,0,1,3.888888889,7.788888889
MT21-001_0515,CAACCGAGATTA,GTGTGYCAGCMGCCGCGGTAA,16,D10,MT,5/15/2021,FARL,39,0,0,1,3.888888889,11.67777778
MT21-001_0516,GCGTGTAATTAG,GTGTGYCAGCMGCCGCGGTAA,16,E3,MT,5/16/2021,FARL,39,0,0,1,3.888888889,15.56666667
MT21-001_0517,GGATCCCAGGGA,GTGTGYCAGCMGCCGCGGTAA,16,E8,MT,5/17/2021,FARL,39,0,0,1,3.888888889,19.45555556
MT21-001_0518,TCGGTAGCAACT,GTGTGYCAGCMGCCGCGGTAA,16,D3,MT,5/18/2021,FARL,39,0,0,1,3.888888889,23.34444444
MT21-001_0519,CCTAGGTCCCAA,GTGTGYCAGCMGCCGCGGTAA,16,E7,MT,5/19/2021,FARL,39,0,0,1,3.888888889,27.23333333
MT21-001_0520,TACCCGACTAAG,GTGTGYCAGCMGCCGCGGTAA,16,F2,MT,5/20/2021,FARL,39,0,0,1,3.888888889,31.12222222
MT21-001_0521,GTAAGTAGATCA,GTGTGYCAGCMGCCGCGGTAA,16,E12,MT,5/21/2021,FARL,39,0,0,1,3.888888889,35.01111111
MT21-001_0522,CCTTAGTTTACA,GTGTGYCAGCMGCCGCGGTAA,16,D8,MT,5/22/2021,FARL,39,0,0,1,3.888888889,38.9
MT21-001_0523,TTAACTGGAAGC,GTGTGYCAGCMGCCGCGGTAA,16,D2,MT,5/23/2021,FARL,39,0,0,1,3.888888889,42.78888889
MT21-001_0524,ACCGGCCGTGCG,GTGTGYCAGCMGCCGCGGTAA,16,E9,MT,5/24/2021,FARL,39,0,0,1,3.888888889,46.67777778
MT21-001_0525,ATTCCCAGAACG,GTGTGYCAGCMGCCGCGGTAA,16,F3,MT,5/25/2021,FARL,39,0,0,1,3.888888889,50.56666667
MT21-001_1003,TCCTGTGCGAGT,GTGTGYCAGCMGCCGCGGTAA,16,G3,MT,10/3/2021,FARL,-2,0,0,1,0,50.56666667
MT21-001_1004,GCTCAATCAGAA,GTGTGYCAGCMGCCGCGGTAA,16,F11,MT,10/4/2021,FARL,-2,0,0,1,0,50.56666667
MT21-001_1005,TGAAGCACACTA,GTGTGYCAGCMGCCGCGGTAA,16,H8,MT,10/5/2021,FARL,-2,0,0,1,0,50.56666667
MT21-001_1006,CACAAAGCGATT,GTGTGYCAGCMGCCGCGGTAA,16,G8,MT,10/6/2021,FARL,-2,0,0,1,0,50.56666667
MT21-001_1007,ATTTAGGACGAC,GTGTGYCAGCMGCCGCGGTAA,16,F8,MT,10/7/2021,FARL,-2,0,0,1,0,50.56666667
MT21-001_1108,CGTAATTGCCGC,GTGTGYCAGCMGCCGCGGTAA,16,B7,MT,11/8/2021,FROST,48.66,61.55789474,66.58526316,1,9.255555556,59.82222222
MT21-001_1110,GTCATAAGAACC,GTGTGYCAGCMGCCGCGGTAA,16,B6,MT,11/10/2021,FROST,43.46,64.0625,69.42708333,1,6.366666667,66.18888889
MT21-001_1112,TGGCCAGGCAGC,GTGTGYCAGCMGCCGCGGTAA,16,B5,MT,11/12/2021,FROST,43.42,45.59583333,89.99166667,1,6.344444444,72.53333333
MT21-001_1116,GATTGGCATAGT,GTGTGYCAGCMGCCGCGGTAA,16,B4,MT,11/16/2021,FROST,38.67,40.753125,90.73333333,1,3.705555556,76.23888889
MT21-001_1118,ATAACCATAGGA,GTGTGYCAGCMGCCGCGGTAA,16,H1,MT,11/18/2021,FROST,38.41,43.371875,70.22083333,1,3.561111111,79.8
MT21-001_1120,GTACCGTTGCAA,GTGTGYCAGCMGCCGCGGTAA,16,A11,MT,11/20/2021,FROST,36.75,45.6875,71.23541667,1,2.638888889,82.43888889
MT21-001_1127,AGAGTGCTAATC,GTGTGYCAGCMGCCGCGGTAA,16,A10,MT,11/27/2021,FROST,35.02,21.15625,81.82395833,1,1.677777778,84.11666667
MT21-001_1215,CATGCGGATCCT,GTGTGYCAGCMGCCGCGGTAA,16,G10,MT,12/15/2021,FROST,35.01,14.84166667,94.39166667,1,1.672222222,85.78888889
MT21-003_0526,GTGTGGCAGAAG,GTGTGYCAGCMGCCGCGGTAA,17,A11,MT,5/26/2021,FARL,39,0,0,2,3.888888889,3.9
MT21-003_0527,TCACAACACCGC,GTGTGYCAGCMGCCGCGGTAA,17,A5,MT,5/27/2021,FARL,39,0,0,2,3.888888889,7.788888889
MT21-003_0528,GTAATAATGCCG,GTGTGYCAGCMGCCGCGGTAA,17,C3,MT,5/28/2021,FARL,39,0,0,2,3.888888889,11.67777778
MT21-003_0531,AGCGCATATCCA,GTGTGYCAGCMGCCGCGGTAA,17,B10,MT,5/31/2021,FARL,39,0,0,2,3.888888889,15.56666667
MT21-003_0602,CGACGCCCATTC,GTGTGYCAGCMGCCGCGGTAA,17,B8,MT,6/2/2021,FARL,39,0,0,2,3.888888889,19.45555556
MT21-003_0604,AACATTGCAGGT,GTGTGYCAGCMGCCGCGGTAA,17,A7,MT,6/4/2021,FARL,39,0,0,2,3.888888889,23.34444444
MT21-003_0607,AGGGCCCGCTGA,GTGTGYCAGCMGCCGCGGTAA,17,C1,MT,6/7/2021,FARL,39,0,0,2,3.888888889,27.23333333
MT21-003_0609,GCGCCGAATCTT,GTGTGYCAGCMGCCGCGGTAA,17,B3,MT,6/9/2021,FARL,39,0,0,2,3.888888889,31.12222222
MT21-003_0611,AAGTATCCTGCG,GTGTGYCAGCMGCCGCGGTAA,17,A12,MT,6/11/2021,FARL,39,0,0,2,3.888888889,35.01111111
MT21-003_0925,GAGGGACGCAAT,GTGTGYCAGCMGCCGCGGTAA,16,F10,MT,9/25/2021,FARL,39,0,0,2,3.888888889,38.9
MT21-003_0926,TCCCTCTGAGAG,GTGTGYCAGCMGCCGCGGTAA,17,A1,MT,9/26/2021,FARL,39,0,0,2,3.888888889,42.78888889
MT21-003_0927,GGTAGACCGGGT,GTGTGYCAGCMGCCGCGGTAA,16,H4,MT,9/27/2021,FARL,39,0,0,2,3.888888889,46.67777778
MT21-003_0928,GAAGACAGCGAC,GTGTGYCAGCMGCCGCGGTAA,17,A2,MT,9/28/2021,FARL,39,0,0,2,3.888888889,50.56666667
MT21-003_0929,TCGTGCGTGTTG,GTGTGYCAGCMGCCGCGGTAA,16,G7,MT,9/29/2021,FARL,39,0,0,2,3.888888889,54.45555556
MT21-003_0930,AGAGTAAGCCGG,GTGTGYCAGCMGCCGCGGTAA,16,H6,MT,9/30/2021,FARL,39,0,0,2,3.888888889,58.34444444
MT21-003_1001,ACGCATCGCACT,GTGTGYCAGCMGCCGCGGTAA,16,G9,MT,10/1/2021,FARL,39,0,0,2,3.888888889,62.23333333
MT21-003_1002,AATTAGGCGTGT,GTGTGYCAGCMGCCGCGGTAA,16,F9,MT,10/2/2021,FARL,39,0,0,2,3.888888889,66.12222222
MT21-003_1010,ATATCCTGGGAC,GTGTGYCAGCMGCCGCGGTAA,17,B7,MT,10/10/2021,FARL,-2,0,0,2,0,66.12222222
MT21-003_1017,GTCCGATCCTAG,GTGTGYCAGCMGCCGCGGTAA,17,A10,MT,10/17/2021,FARL,-2,0,0,2,0,66.12222222
MT21-003_1108,TTCGTACTTCGT,GTGTGYCAGCMGCCGCGGTAA,16,C12,MT,11/8/2021,FROST,48.66,61.55789474,66.58526316,2,9.255555556,75.37777778
MT21-003_1110,CCGTTCAATGGA,GTGTGYCAGCMGCCGCGGTAA,16,C9,MT,11/10/2021,FROST,43.46,64.0625,69.42708333,2,6.366666667,81.74444444
MT21-003_1112,CGTGCCGCTTAA,GTGTGYCAGCMGCCGCGGTAA,17,B9,MT,11/12/2021,FROST,43.42,45.59583333,89.99166667,2,6.344444444,88.08888889
MT21-003_1116,GTGTCACTTTAT,GTGTGYCAGCMGCCGCGGTAA,16,B11,MT,11/16/2021,FROST,38.67,40.753125,90.73333333,2,3.705555556,91.79444444
MT21-003_1118,TCGCTGACTCGC,GTGTGYCAGCMGCCGCGGTAA,16,D1,MT,11/18/2021,FROST,38.41,43.371875,70.22083333,2,3.561111111,95.35555556
MT21-003_1120,GCTAAAGTCGTA,GTGTGYCAGCMGCCGCGGTAA,16,B12,MT,11/20/2021,FROST,36.75,45.6875,71.23541667,2,2.638888889,97.99444444
MT21-003_1123,CTGTATGGAGCT,GTGTGYCAGCMGCCGCGGTAA,17,B11,MT,11/23/2021,FROST,33.89,55.53125,60.87395833,2,1.05,99.04444444
MT21-003_1127,TCTCATGTGGAG,GTGTGYCAGCMGCCGCGGTAA,16,C6,MT,11/27/2021,FROST,35.02,21.15625,81.82395833,2,1.677777778,100.7222222
MT21-003_1205,ATGGCGCGGACC,GTGTGYCAGCMGCCGCGGTAA,17,B4,MT,12/5/2021,FROST,33.83,8.575,87.56145833,2,1.016666667,101.7388889
MT21-003_1212,AGTATTCGCGCA,GTGTGYCAGCMGCCGCGGTAA,16,C3,MT,12/12/2021,FROST,34.5,53.74791667,64.475,2,1.388888889,103.1277778
